0.407 -0.305
0.262 1.786
1.009 -0.32
-0.078 -1.326
2.503 0.527
-0.749 0.004
-1.026 -0.915
1.389 0.238
-0.244 -0.649
-0.519 -0.791
-0.434 0.765
-1.511 -1.676
-1.028 -0.948
0.183 -0.81
-1.269 0.118
-1.402 -0.296
0.292 0.382
-0.207 0.236
-0.199 0.829
1.341 1.121
1.266 0.66
0.341 -0.536
-1.221 1.812
-1.755 1.078
-0.248 -0.401
-0.667 3.064
0.006 -0.701
0.826 0.123
0.426 0.511
-0.531 -0.14
1.307 0.719
0.814 0.113
-0.171 -0.344
-0.963 -1.068
0.327 -1.508
0.494 0.901
1.156 -1.016
1.063 2.074
0.341 -0.338
-0.165 -0.231
2.303 -1.191
1.839 -0.92
-0.578 -1.147
0.728 0.913
-0.49 -1.106
1.341 -0.292
-1.116 -0.0
-0.774 1.785
-0.542 -0.278
0.911 0.591
