0.145 1
-0.034 1
1.841 1
-0.28 1
-0.108 1
-1.05 1
-1.146 1
-1.034 1
-0.406 1
1.371 1
-0.02 1
-0.228 1
-1.398 1
0.327 1
-0.975 1
-0.564 1
1.407 1
0.575 1
0.502 1
-1.282 1
0.897 1
0.477 1
0.002 1
-1.944 1
0.855 1
1.08 1
0.873 1
-0.033 1
0.162 1
1.139 1
-1.382 1
2.019 1
0.915 1
0.015 1
0.205 1
0.691 1
0.098 1
-1.137 1
1.592 1
0.817 1
1.865 1
-0.328 1
-0.122 1
-0.234 1
1.993 1
0.481 1
0.646 1
0.187 1
1.628 1
-0.485 1
-3.709 2
4.128 2
-4.084 2
-3.341 2
-10.174 2
6.078 2
4.382 2
6.545 2
-7.172 2
-6.54 2
4.761 2
5.239 2
-5.888 2
2.195 2
-4.134 2
-11.763 2
5.049 2
2.337 2
4.654 2
1.911 2
0.793 2
2.926 2
5.443 2
5.628 2
8.475 2
-11.727 2
-6.445 2
0.671 2
0.615 2
3.178 2
0.622 2
-5.57 2
3.872 2
4.686 2
-1.02 2
7.21 2
-5.998 2
-2.92 2
-2.922 2
3.151 2
-0.811 2
2.154 2
8.601 2
-8.516 2
-6.072 2
-4.576 2
-5.584 2
2.181 2
-3.506 2
1.414 2
