1.414 -3.297
0.415 -3.116
-1.478 -2.773
-0.901 -2.878
1.247 -3.267
1.038 -3.229
-0.684 -2.917
0.011 -3.043
-0.136 -3.016
-0.298 -2.987
0.776 -3.181
-0.743 -2.906
-0.745 -2.906
-0.036 -3.034
-0.926 -2.873
0.103 -3.06
-0.203 -3.004
0.395 -3.113
1.924 -3.39
-1.74 -2.726
0.483 -3.128
-1.669 -2.738
-1.374 -2.792
-1.575 -2.755
-1.594 -2.752
0.671 -3.163
-1.223 -2.819
-2.035 -2.672
-1.644 -2.743
-0.639 -2.925
0.28 -3.092
0.609 -3.151
-0.516 -2.947
0.397 -3.113
-0.953 -2.868
-2.203 -2.642
-0.291 -2.988
0.962 -3.215
-0.316 -2.984
-0.545 -2.942
0.224 -3.082
0.641 -3.157
1.757 -3.359
-1.403 -2.787
1.166 -3.252
-0.395 -2.969
0.509 -3.133
-1.371 -2.793
-0.159 -3.012
1.401 -3.295
